0.04
0.79
1.21
1.34
1.6
1.82
1.96
2.28
3.02
3.35
3.52
3.73
3.85
4.01
4.18
4.49
5.09
5.34
5.58
5.76
6.02
6.17
6.31
6.6
7.12
7.56
7.66
7.88
8.12
8.34
8.7
9.43
9.58
9.66
9.91
10.01
10.09
10.22
10.45
10.62
10.72
11.31
11.63
11.84
12.03
12.26
12.4
12.56
12.72
12.82
13.75
13.89
13.93
13.99
14.1
14.29
14.32
14.44
14.64
14.88
15.54
15.71
15.83
16.05
16.2
16.43
16.55
16.72
16.99
17.91
17.99
18.15
18.28
18.53
18.81
19.03
19.11
19.19
19.35
19.55
19.64
19.8
20.13
20.29
20.39
20.43
20.61
20.75
20.88
21.18
21.61
21.81
21.94
22.23
22.46
22.64
22.85
23.29
23.4
23.56
23.68
23.84
24.13
24.27
24.32
24.51
24.72
24.81
25.07
25.35
25.72
25.85
26.09
26.36
26.56
26.71
26.95
27.13
27.29
27.35
27.66
27.81
28.01
28.14
28.47
28.68
28.91
28.96
28.99
29.22
29.48
30.05
30.13
30.18
30.28
30.31
30.45
30.51
30.68
30.84
31.05
31.16
31.34
31.41
31.46
31.51
31.66
31.86
31.99
32.05
32.26
32.38
32.63
32.83
32.9
33.02
33.18
33.22
33.25
33.35
33.42
33.64
33.7
33.84
