0.79
0.88
1.3
1.47
1.74
1.86
2.15
2.58
3.05
3.44
3.63
3.82
3.91
4.1
4.36
4.78
5.12
5.51
5.7
5.95
6.1
6.21
6.48
6.84
7.18
7.61
7.81
8.04
8.19
8.54
8.91
9.52
9.61
9.77
9.99
10.09
10.15
10.27
10.6
10.72
10.92
11.34
11.78
11.93
12.18
12.33
12.48
12.7
12.82
13.03
13.87
13.93
13.99
14.1
14.27
14.32
14.4
14.49
14.78
15.15
15.57
15.74
15.9
16.09
16.35
16.47
16.61
16.88
17.2
17.94
18.06
18.21
18.37
18.69
18.99
19.09
19.19
19.24
19.47
19.59
19.71
19.95
20.25
20.37
20.43
20.54
20.67
20.78
21.07
21.35
21.67
21.85
22.09
22.37
22.54
22.73
23.03
23.32
23.48
23.63
23.78
23.98
24.27
24.32
24.35
24.61
24.76
24.97
25.23
25.52
25.79
25.98
26.19
26.48
26.61
26.83
27.04
27.27
27.35
27.54
27.72
27.95
28.04
28.32
28.59
28.78
28.94
28.99
29.11
29.37
29.7
30.13
30.18
30.26
30.31
30.43
30.51
30.68
30.84
30.92
31.11
31.23
31.39
31.46
31.51
31.66
31.74
31.97
32.05
32.17
32.31
32.54
32.81
32.9
32.95
33.12
33.22
33.25
33.33
33.42
33.51
33.7
33.84
33.9
